<?xml version="1.0"?>
<opencv_storage>
<delayTime>6.7712432327474981e-01</delayTime>
<IPCNum>4</IPCNum>
<r0>"rtsp://admin:zou133zzq@192.168.1.108:554/cam/realmonitor?channel=1&amp;subtype=0&amp;unicast=true&amp;proto=Onvif"</r0>
<M0 type_id="opencv-matrix">
  <rows>3</rows>
  <cols>3</cols>
  <dt>d</dt>
  <data>
    2.0292068646497314e+03 0. 9.4521969337925975e+02 0.
    2.0272986630388705e+03 4.8855567973538348e+02 0. 0. 1.</data></M0>
<D0 type_id="opencv-matrix">
  <rows>1</rows>
  <cols>5</cols>
  <dt>d</dt>
  <data>
    -2.4346447577096426e-02 -4.9984598550300213e-01
    -6.7086646878954043e-03 -3.0807044850703381e-03 0.</data></D0>
<R0 type_id="opencv-matrix">
  <rows>3</rows>
  <cols>3</cols>
  <dt>d</dt>
  <data>
    6.9207744688609418e-01 7.1852892756346998e-01
    -6.8883871596440938e-02 3.4419022494582230e-01
    -4.1238293533890247e-01 -8.4348882843403139e-01
    -6.3447765647292065e-01 5.6005043959964906e-01
    -5.3271156223689209e-01</data></R0>
<T0 type_id="opencv-matrix">
  <rows>3</rows>
  <cols>1</cols>
  <dt>d</dt>
  <data>
    -1.3685735853041925e+00 -1.9721738778511916e-01
    3.4162629143834793e+00</data></T0>
<r1>"rtsp://admin:zou133zzq@192.168.1.109:554/cam/realmonitor?channel=1&amp;subtype=0&amp;unicast=true&amp;proto=Onvif"</r1>
<M1 type_id="opencv-matrix">
  <rows>3</rows>
  <cols>3</cols>
  <dt>d</dt>
  <data>
    1.9548831793727888e+03 0. 9.6609582625071573e+02 0.
    1.9504387851367694e+03 5.8356677602319655e+02 0. 0. 1.</data></M1>
<D1 type_id="opencv-matrix">
  <rows>1</rows>
  <cols>5</cols>
  <dt>d</dt>
  <data>
    -8.1089561009796529e-02 -2.6311787385962443e-01
    1.7213970464158655e-03 2.1201545261093942e-04 0.</data></D1>
<R1 type_id="opencv-matrix">
  <rows>3</rows>
  <cols>3</cols>
  <dt>d</dt>
  <data>
    -5.1054531939025183e-01 8.5846314467196205e-01
    -4.8831404737438966e-02 5.0144912534251829e-01
    2.5112673369415239e-01 -8.2793969485544627e-01
    -6.9849284287094093e-01 -4.4718720114067678e-01
    -5.5868717149585478e-01</data></R1>
<T1 type_id="opencv-matrix">
  <rows>3</rows>
  <cols>1</cols>
  <dt>d</dt>
  <data>
    1.2106901282142693e-01 -9.4487324896488267e-01
    4.0314637347481366e+00</data></T1>
<r2>"rtsp://admin:zou133zzq@192.168.1.110:554/cam/realmonitor?channel=1&amp;subtype=0&amp;unicast=true&amp;proto=Onvif"</r2>
<M2 type_id="opencv-matrix">
  <rows>3</rows>
  <cols>3</cols>
  <dt>d</dt>
  <data>
    1.9704806815203549e+03 0. 1.0286492582410219e+03 0.
    1.9709569674812885e+03 6.0550814334967242e+02 0. 0. 1.</data></M2>
<D2 type_id="opencv-matrix">
  <rows>1</rows>
  <cols>5</cols>
  <dt>d</dt>
  <data>
    -7.3480572042997822e-02 -1.9516023678829086e-01
    7.2057692795983366e-03 4.0233223706614149e-03 0.</data></D2>
<R2 type_id="opencv-matrix">
  <rows>3</rows>
  <cols>3</cols>
  <dt>d</dt>
  <data>
    5.4177495443362755e-01 -8.3649728197972828e-01
    -8.2171746902248710e-02 -4.9332438223698233e-01
    -2.3730550038763482e-01 -8.3684954046487581e-01
    6.8052255850848919e-01 4.9392144793104598e-01
    -5.4123068153492448e-01</data></R2>
<T2 type_id="opencv-matrix">
  <rows>3</rows>
  <cols>1</cols>
  <dt>d</dt>
  <data>
    1.4622856392488458e-02 2.5270905907747643e-01 2.5356481413939380e+00</data></T2>
<r3>"rtsp://admin:zou133zzq@192.168.1.111:554/cam/realmonitor?channel=1&amp;subtype=0&amp;unicast=true&amp;proto=Onvif"</r3>
<M3 type_id="opencv-matrix">
  <rows>3</rows>
  <cols>3</cols>
  <dt>d</dt>
  <data>
    1.9675662958334217e+03 0. 9.9737777042436323e+02 0.
    1.9676399709783436e+03 6.0212569753379080e+02 0. 0. 1.</data></M3>
<D3 type_id="opencv-matrix">
  <rows>1</rows>
  <cols>5</cols>
  <dt>d</dt>
  <data>
    -7.3155273082282632e-02 -2.6066407579958567e-01
    4.6714789493432296e-03 1.2065492624089809e-03 0.</data></D3>
<R3 type_id="opencv-matrix">
  <rows>3</rows>
  <cols>3</cols>
  <dt>d</dt>
  <data>
    -7.4065701118520455e-01 -6.7127302345006379e-01
    2.8630748687553664e-02 -3.9977888212523160e-01
    4.0605126242123346e-01 -8.2176591417070988e-01
    5.4000373812493185e-01 -6.2009265458827389e-01
    -5.6910549332858118e-01</data></R3>
<T3 type_id="opencv-matrix">
  <rows>3</rows>
  <cols>1</cols>
  <dt>d</dt>
  <data>
    4.6978165042972436e-01 -4.2263929334190919e-01
    3.3921765048878454e+00</data></T3>
</opencv_storage>
