<?xml version="1.0"?>
<opencv_storage>
<delayTime>5.5290037339696707e-01</delayTime>
<IPCNum>4</IPCNum>
<r0>"rtsp://admin:zou133zzq@192.168.1.108:554/cam/realmonitor?channel=1&amp;subtype=0&amp;unicast=true&amp;proto=Onvif"</r0>
<M0 type_id="opencv-matrix">
  <rows>3</rows>
  <cols>3</cols>
  <dt>d</dt>
  <data>
    2.0292068646497314e+03 0. 9.4521969337925975e+02 0.
    2.0272986630388705e+03 4.8855567973538348e+02 0. 0. 1.</data></M0>
<D0 type_id="opencv-matrix">
  <rows>1</rows>
  <cols>5</cols>
  <dt>d</dt>
  <data>
    -2.4346447577096426e-02 -4.9984598550300213e-01
    -6.7086646878954043e-03 -3.0807044850703381e-03 0.</data></D0>
<R0 type_id="opencv-matrix">
  <rows>3</rows>
  <cols>3</cols>
  <dt>d</dt>
  <data>
    7.1878234325563062e-01 6.9285188713676404e-01 5.7517001964363462e-02
    4.4068670737934490e-01 -3.9006356118078567e-01
    -8.0848354601569639e-01 -5.3772406396133632e-01
    6.0647067590279080e-01 -5.8570141736802750e-01</data></R0>
<T0 type_id="opencv-matrix">
  <rows>3</rows>
  <cols>1</cols>
  <dt>d</dt>
  <data>
    -2.7649033941824169e-01 -7.0741853306206970e-01
    5.5182044213584334e+00</data></T0>
<r1>"rtsp://admin:zou133zzq@192.168.1.109:554/cam/realmonitor?channel=1&amp;subtype=0&amp;unicast=true&amp;proto=Onvif"</r1>
<M1 type_id="opencv-matrix">
  <rows>3</rows>
  <cols>3</cols>
  <dt>d</dt>
  <data>
    1.9548831793727888e+03 0. 9.6609582625071573e+02 0.
    1.9504387851367694e+03 5.8356677602319655e+02 0. 0. 1.</data></M1>
<D1 type_id="opencv-matrix">
  <rows>1</rows>
  <cols>5</cols>
  <dt>d</dt>
  <data>
    -8.1089561009796529e-02 -2.6311787385962443e-01
    1.7213970464158655e-03 2.1201545261093942e-04 0.</data></D1>
<R1 type_id="opencv-matrix">
  <rows>3</rows>
  <cols>3</cols>
  <dt>d</dt>
  <data>
    -4.6170371496332102e-01 8.8627718717346982e-01
    3.6639146891692065e-02 5.9547947037609839e-01 3.4029844340302251e-01
    -7.2773701965619497e-01 -6.5744496343775416e-01
    -3.1418102570550371e-01 -6.8487692553988699e-01</data></R1>
<T1 type_id="opencv-matrix">
  <rows>3</rows>
  <cols>1</cols>
  <dt>d</dt>
  <data>
    -9.0576239628835054e-01 -5.4827463359632078e-01
    4.8191808133179874e+00</data></T1>
<r2>"rtsp://admin:zou133zzq@192.168.1.110:554/cam/realmonitor?channel=1&amp;subtype=0&amp;unicast=true&amp;proto=Onvif"</r2>
<M2 type_id="opencv-matrix">
  <rows>3</rows>
  <cols>3</cols>
  <dt>d</dt>
  <data>
    1.3023578636562697e+03 0. 6.7420310066363095e+02 0.
    1.3030213944354684e+03 3.8052664173054666e+02 0. 0. 1.</data></M2>
<D2 type_id="opencv-matrix">
  <rows>1</rows>
  <cols>5</cols>
  <dt>d</dt>
  <data>
    -5.4911606447009258e-02 -3.2237643480317352e-01
    6.8918636165808652e-03 7.0146033734164248e-03 0.</data></D2>
<R2 type_id="opencv-matrix">
  <rows>3</rows>
  <cols>3</cols>
  <dt>d</dt>
  <data>
    3.7446323175648655e-01 -9.2254371906262600e-01
    -9.3222178051072524e-02 -6.6026458434690216e-01
    -1.9470690869334184e-01 -7.2535501539887004e-01
    6.5102071143681739e-01 3.3317008587984154e-01
    -6.8203352348335422e-01</data></R2>
<T2 type_id="opencv-matrix">
  <rows>3</rows>
  <cols>1</cols>
  <dt>d</dt>
  <data>
    -6.1888496859052111e-01 -5.0893234042363056e-01
    3.1596614407724339e+00</data></T2>
<r3>"rtsp://admin:zou133zzq@192.168.1.111:554/cam/realmonitor?channel=1&amp;subtype=0&amp;unicast=true&amp;proto=Onvif"</r3>
<M3 type_id="opencv-matrix">
  <rows>3</rows>
  <cols>3</cols>
  <dt>d</dt>
  <data>
    1.2967813874576520e+03 0. 6.7477228239349438e+02 0.
    1.3089396723794566e+03 4.2954260897485835e+02 0. 0. 1.</data></M3>
<D3 type_id="opencv-matrix">
  <rows>1</rows>
  <cols>5</cols>
  <dt>d</dt>
  <data>
    -6.9192927182840452e-02 -1.5599289531265836e-01
    1.7216007909568627e-02 3.0117641194945268e-03 0.</data></D3>
<R3 type_id="opencv-matrix">
  <rows>3</rows>
  <cols>3</cols>
  <dt>d</dt>
  <data>
    -6.6105991528958130e-01 -7.5020295179073559e-01
    -1.3975676076620036e-02 -5.1849518871142419e-01
    4.7018988356547053e-01 -7.1420180108691478e-01
    5.4236752085687812e-01 -4.6488386132146536e-01
    -6.9980030566041362e-01</data></R3>
<T3 type_id="opencv-matrix">
  <rows>3</rows>
  <cols>1</cols>
  <dt>d</dt>
  <data>
    -4.0596776638401627e-01 -3.8802502507432046e-01
    2.8779387044951315e+00</data></T3>
</opencv_storage>
