<?xml version="1.0"?>
<opencv_storage>
<delayTime>6.7712432327474981e-01</delayTime>
<IPCNum>4</IPCNum>
<r0>"rtsp://admin:zou133zzq@192.168.1.108:554/cam/realmonitor?channel=1&amp;subtype=0&amp;unicast=true&amp;proto=Onvif"</r0>
<M0 type_id="opencv-matrix">
  <rows>3</rows>
  <cols>3</cols>
  <dt>d</dt>
  <data>
    2.0292068646497314e+03 0. 9.4521969337925975e+02 0.
    2.0272986630388705e+03 4.8855567973538348e+02 0. 0. 1.</data></M0>
<D0 type_id="opencv-matrix">
  <rows>1</rows>
  <cols>5</cols>
  <dt>d</dt>
  <data>
    -2.4346447577096426e-02 -4.9984598550300213e-01
    -6.7086646878954043e-03 -3.0807044850703381e-03 0.</data></D0>
<R0 type_id="opencv-matrix">
  <rows>3</rows>
  <cols>3</cols>
  <dt>d</dt>
  <data>
    -7.5147417226874358e-01 -6.4125683912987008e-01
    -1.5516518514852029e-01 -2.9737377147854432e-01
    5.3914939914013083e-01 -7.8796368282012996e-01
    5.8894431693465998e-01 -5.4599230001530596e-01
    -5.9584981318647989e-01</data></R0>
<T0 type_id="opencv-matrix">
  <rows>3</rows>
  <cols>1</cols>
  <dt>d</dt>
  <data>
    -2.0097814146405457e+00 -3.2559481456049960e-01
    5.5206766157530014e+00</data></T0>
<r1>"rtsp://admin:zou133zzq@192.168.1.109:554/cam/realmonitor?channel=1&amp;subtype=0&amp;unicast=true&amp;proto=Onvif"</r1>
<M1 type_id="opencv-matrix">
  <rows>3</rows>
  <cols>3</cols>
  <dt>d</dt>
  <data>
    1.9548831793727888e+03 0. 9.6609582625071573e+02 0.
    1.9504387851367694e+03 5.8356677602319655e+02 0. 0. 1.</data></M1>
<D1 type_id="opencv-matrix">
  <rows>1</rows>
  <cols>5</cols>
  <dt>d</dt>
  <data>
    -8.1089561009796529e-02 -2.6311787385962443e-01
    1.7213970464158655e-03 2.1201545261093942e-04 0.</data></D1>
<R1 type_id="opencv-matrix">
  <rows>3</rows>
  <cols>3</cols>
  <dt>d</dt>
  <data>
    2.1452200525719167e-01 -9.6601081622289287e-01
    1.4423388021132094e-01 -5.8479067916423455e-01
    -2.4531041849511448e-01 -7.7320285833692115e-01
    7.8230439780373651e-01 8.1522398873757451e-02
    -6.1753860418503503e-01</data></R1>
<T1 type_id="opencv-matrix">
  <rows>3</rows>
  <cols>1</cols>
  <dt>d</dt>
  <data>
    -1.6670625955051428e+00 -1.1335463658832443e+00
    5.3523708146629634e+00</data></T1>
<r2>"rtsp://admin:zou133zzq@192.168.1.110:554/cam/realmonitor?channel=1&amp;subtype=0&amp;unicast=true&amp;proto=Onvif"</r2>
<M2 type_id="opencv-matrix">
  <rows>3</rows>
  <cols>3</cols>
  <dt>d</dt>
  <data>
    1.9704806815203549e+03 0. 1.0286492582410219e+03 0.
    1.9709569674812885e+03 6.0550814334967242e+02 0. 0. 1.</data></M2>
<D2 type_id="opencv-matrix">
  <rows>1</rows>
  <cols>5</cols>
  <dt>d</dt>
  <data>
    -7.3480572042997822e-02 -1.9516023678829086e-01
    7.2057692795983366e-03 4.0233223706614149e-03 0.</data></D2>
<R2 type_id="opencv-matrix">
  <rows>3</rows>
  <cols>3</cols>
  <dt>d</dt>
  <data>
    -5.8083399553421811e-01 7.7601611648423952e-01
    2.4582688337217104e-01 3.8661551237010572e-01 5.2874055174633006e-01
    -7.5562019198390062e-01 -7.1635208886870461e-01
    -3.4384940874706371e-01 -6.0713035575380192e-01</data></R2>
<T2 type_id="opencv-matrix">
  <rows>3</rows>
  <cols>1</cols>
  <dt>d</dt>
  <data>
    -4.7964553079936462e-01 -2.3983314828808826e-02
    4.1442043414946674e+00</data></T2>
<r3>"rtsp://admin:zou133zzq@192.168.1.111:554/cam/realmonitor?channel=1&amp;subtype=0&amp;unicast=true&amp;proto=Onvif"</r3>
<M3 type_id="opencv-matrix">
  <rows>3</rows>
  <cols>3</cols>
  <dt>d</dt>
  <data>
    1.9675662958334217e+03 0. 9.9737777042436323e+02 0.
    1.9676399709783436e+03 6.0212569753379080e+02 0. 0. 1.</data></M3>
<D3 type_id="opencv-matrix">
  <rows>1</rows>
  <cols>5</cols>
  <dt>d</dt>
  <data>
    -7.3155273082282632e-02 -2.6066407579958567e-01
    4.6714789493432296e-03 1.2065492624089809e-03 0.</data></D3>
<R3 type_id="opencv-matrix">
  <rows>3</rows>
  <cols>3</cols>
  <dt>d</dt>
  <data>
    5.1202767801064974e-01 8.0928398055818362e-01 2.8790119097170042e-01
    7.1502617430204884e-01 -2.1583879476782003e-01
    -6.6494449748542983e-01 -4.7598868370371805e-01
    5.4632687421092163e-01 -6.8917466545203587e-01</data></R3>
<T3 type_id="opencv-matrix">
  <rows>3</rows>
  <cols>1</cols>
  <dt>d</dt>
  <data>
    1.8709214686653497e-01 -6.0877652293066276e-01
    4.4380893858548376e+00</data></T3>
</opencv_storage>
