<?xml version="1.0"?>
<opencv_storage>
<delayTime>5.1379911626177965e-01</delayTime>
<IPCNum>1</IPCNum>
<r0>"rtsp://admin:zou133zzq@192.168.1.108:554/cam/realmonitor?channel=1&amp;subtype=0&amp;unicast=true&amp;proto=Onvif"</r0>
<M0 type_id="opencv-matrix">
  <rows>3</rows>
  <cols>3</cols>
  <dt>d</dt>
  <data>
    2.0292068646497314e+03 0. 9.4521969337925975e+02 0.
    2.0272986630388705e+03 4.8855567973538348e+02 0. 0. 1.</data></M0>
<D0 type_id="opencv-matrix">
  <rows>1</rows>
  <cols>5</cols>
  <dt>d</dt>
  <data>
    -2.4346447577096426e-02 -4.9984598550300213e-01
    -6.7086646878954043e-03 -3.0807044850703381e-03 0.</data></D0>
<R0 type_id="opencv-matrix">
  <rows>3</rows>
  <cols>3</cols>
  <dt>d</dt>
  <data>
    -7.4787086961187166e-01 6.5952486366602248e-01
    7.5605003751716360e-02 4.0933111347336765e-01 5.4780410924101097e-01
    -7.2962915062469558e-01 -5.2262529782688061e-01
    -5.1472090700201412e-01 -6.7965078236281617e-01</data></R0>
<T0 type_id="opencv-matrix">
  <rows>3</rows>
  <cols>1</cols>
  <dt>d</dt>
  <data>
    1.6179467643414705e-01 -6.8647794102006876e-01
    4.2819646313300419e+00</data></T0>
</opencv_storage>
