<?xml version="1.0"?>
<opencv_storage>
<delayTime>6.7712432327474981e-01</delayTime>
<IPCNum>4</IPCNum>
<r0>"rtsp://admin:zou133zzq@192.168.1.108:554/cam/realmonitor?channel=1&amp;subtype=0&amp;unicast=true&amp;proto=Onvif"</r0>
<M0 type_id="opencv-matrix">
  <rows>3</rows>
  <cols>3</cols>
  <dt>d</dt>
  <data>
    2.0292068646497314e+03 0. 9.4521969337925975e+02 0.
    2.0272986630388705e+03 4.8855567973538348e+02 0. 0. 1.</data></M0>
<D0 type_id="opencv-matrix">
  <rows>1</rows>
  <cols>5</cols>
  <dt>d</dt>
  <data>
    -2.4346447577096426e-02 -4.9984598550300213e-01
    -6.7086646878954043e-03 -3.0807044850703381e-03 0.</data></D0>
<R0 type_id="opencv-matrix">
  <rows>3</rows>
  <cols>3</cols>
  <dt>d</dt>
  <data>
    6.7526685419074550e-01 7.3280887346485546e-01
    -8.3700839915163749e-02 3.4695219470938898e-01
    -4.1573360274088700e-01 -8.4070788395162588e-01
    -6.5087544908198269e-01 5.3866197798178750e-01
    -5.3498076905537029e-01</data></R0>
<T0 type_id="opencv-matrix">
  <rows>3</rows>
  <cols>1</cols>
  <dt>d</dt>
  <data>
    -1.2494528359667583e+00 -1.2313878971678306e-01
    3.2505624225643874e+00</data></T0>
<r1>"rtsp://admin:zou133zzq@192.168.1.109:554/cam/realmonitor?channel=1&amp;subtype=0&amp;unicast=true&amp;proto=Onvif"</r1>
<M1 type_id="opencv-matrix">
  <rows>3</rows>
  <cols>3</cols>
  <dt>d</dt>
  <data>
    1.9548831793727888e+03 0. 9.6609582625071573e+02 0.
    1.9504387851367694e+03 5.8356677602319655e+02 0. 0. 1.</data></M1>
<D1 type_id="opencv-matrix">
  <rows>1</rows>
  <cols>5</cols>
  <dt>d</dt>
  <data>
    -8.1089561009796529e-02 -2.6311787385962443e-01
    1.7213970464158655e-03 2.1201545261093942e-04 0.</data></D1>
<R1 type_id="opencv-matrix">
  <rows>3</rows>
  <cols>3</cols>
  <dt>d</dt>
  <data>
    -5.5846173706458679e-01 8.2796811174638718e-01
    -5.0885107506286664e-02 4.8109839093395357e-01
    2.7330642272049099e-01 -8.3297535230070829e-01
    -6.7576980287340827e-01 -4.8966560552161542e-01
    -5.5096530588920434e-01</data></R1>
<T1 type_id="opencv-matrix">
  <rows>3</rows>
  <cols>1</cols>
  <dt>d</dt>
  <data>
    4.1031825916201151e-02 -8.3434526139654852e-01
    3.7810318129312233e+00</data></T1>
<r2>"rtsp://admin:zou133zzq@192.168.1.110:554/cam/realmonitor?channel=1&amp;subtype=0&amp;unicast=true&amp;proto=Onvif"</r2>
<M2 type_id="opencv-matrix">
  <rows>3</rows>
  <cols>3</cols>
  <dt>d</dt>
  <data>
    1.9704806815203549e+03 0. 1.0286492582410219e+03 0.
    1.9709569674812885e+03 6.0550814334967242e+02 0. 0. 1.</data></M2>
<D2 type_id="opencv-matrix">
  <rows>1</rows>
  <cols>5</cols>
  <dt>d</dt>
  <data>
    -7.3480572042997822e-02 -1.9516023678829086e-01
    7.2057692795983366e-03 4.0233223706614149e-03 0.</data></D2>
<R2 type_id="opencv-matrix">
  <rows>3</rows>
  <cols>3</cols>
  <dt>d</dt>
  <data>
    5.5734137116732752e-01 -8.2575343035462945e-01
    -8.6613326012141278e-02 -4.8642007744702292e-01
    -2.4019467800663497e-01 -8.4006072692021583e-01
    6.7287896700800176e-01 5.1033105815230506e-01
    -5.3553347873255630e-01</data></R2>
<T2 type_id="opencv-matrix">
  <rows>3</rows>
  <cols>1</cols>
  <dt>d</dt>
  <data>
    1.1752910867032208e-01 1.6900567561937804e-01 2.6452014318893249e+00</data></T2>
<r3>"rtsp://admin:zou133zzq@192.168.1.111:554/cam/realmonitor?channel=1&amp;subtype=0&amp;unicast=true&amp;proto=Onvif"</r3>
<M3 type_id="opencv-matrix">
  <rows>3</rows>
  <cols>3</cols>
  <dt>d</dt>
  <data>
    1.9675662958334217e+03 0. 9.9737777042436323e+02 0.
    1.9676399709783436e+03 6.0212569753379080e+02 0. 0. 1.</data></M3>
<D3 type_id="opencv-matrix">
  <rows>1</rows>
  <cols>5</cols>
  <dt>d</dt>
  <data>
    -7.3155273082282632e-02 -2.6066407579958567e-01
    4.6714789493432296e-03 1.2065492624089809e-03 0.</data></D3>
<R3 type_id="opencv-matrix">
  <rows>3</rows>
  <cols>3</cols>
  <dt>d</dt>
  <data>
    -7.1551371393998719e-01 -6.9775341140392699e-01
    3.4355524126235881e-02 -4.1466235966732601e-01
    3.8461096933878558e-01 -8.2469966032453557e-01
    5.6222348993877103e-01 -6.0432985954564700e-01
    -5.6452649913233210e-01</data></R3>
<T3 type_id="opencv-matrix">
  <rows>3</rows>
  <cols>1</cols>
  <dt>d</dt>
  <data>
    3.6574263786578853e-01 -4.9236543547874356e-01
    3.5148633623855816e+00</data></T3>
</opencv_storage>
