<?xml version="1.0"?>
<opencv_storage>
<delayTime>6.7712432327474981e-01</delayTime>
<IPCNum>4</IPCNum>
<r0>"rtsp://admin:zou133zzq@192.168.1.108:554/cam/realmonitor?channel=1&amp;subtype=0&amp;unicast=true&amp;proto=Onvif"</r0>
<M0 type_id="opencv-matrix">
  <rows>3</rows>
  <cols>3</cols>
  <dt>d</dt>
  <data>
    2.0292068646497314e+03 0. 9.4521969337925975e+02 0.
    2.0272986630388705e+03 4.8855567973538348e+02 0. 0. 1.</data></M0>
<D0 type_id="opencv-matrix">
  <rows>1</rows>
  <cols>5</cols>
  <dt>d</dt>
  <data>
    -2.4346447577096426e-02 -4.9984598550300213e-01
    -6.7086646878954043e-03 -3.0807044850703381e-03 0.</data></D0>
<R0 type_id="opencv-matrix">
  <rows>3</rows>
  <cols>3</cols>
  <dt>d</dt>
  <data>
    8.1309314328432847e-01 5.7947397087889951e-01
    -5.5582887814962484e-02 2.8118955343346530e-01
    -4.7455983305349048e-01 -8.3410155250552764e-01
    -5.0971754470873254e-01 6.6257292574182614e-01
    -5.4880337343170338e-01</data></R0>
<T0 type_id="opencv-matrix">
  <rows>3</rows>
  <cols>1</cols>
  <dt>d</dt>
  <data>
    -3.5379563880473308e-01 5.1294318847970193e-02
    3.3341700188765411e+00</data></T0>
<r1>"rtsp://admin:zou133zzq@192.168.1.109:554/cam/realmonitor?channel=1&amp;subtype=0&amp;unicast=true&amp;proto=Onvif"</r1>
<M1 type_id="opencv-matrix">
  <rows>3</rows>
  <cols>3</cols>
  <dt>d</dt>
  <data>
    1.9548831793727888e+03 0. 9.6609582625071573e+02 0.
    1.9504387851367694e+03 5.8356677602319655e+02 0. 0. 1.</data></M1>
<D1 type_id="opencv-matrix">
  <rows>1</rows>
  <cols>5</cols>
  <dt>d</dt>
  <data>
    -8.1089561009796529e-02 -2.6311787385962443e-01
    1.7213970464158655e-03 2.1201545261093942e-04 0.</data></D1>
<R1 type_id="opencv-matrix">
  <rows>3</rows>
  <cols>3</cols>
  <dt>d</dt>
  <data>
    -3.5315317611124863e-01 9.3400268286268273e-01
    -5.4053886149363628e-02 5.5521406853207378e-01
    1.6272702326535027e-01 -8.1563303881295779e-01
    -7.5300741849373520e-01 -3.1805487624702317e-01
    -5.7603899467734965e-01</data></R1>
<T1 type_id="opencv-matrix">
  <rows>3</rows>
  <cols>1</cols>
  <dt>d</dt>
  <data>
    -6.8976474568319315e-03 -1.3559113087358721e-01
    3.2546190175336434e+00</data></T1>
<r2>"rtsp://admin:zou133zzq@192.168.1.110:554/cam/realmonitor?channel=1&amp;subtype=0&amp;unicast=true&amp;proto=Onvif"</r2>
<M2 type_id="opencv-matrix">
  <rows>3</rows>
  <cols>3</cols>
  <dt>d</dt>
  <data>
    1.9704806815203549e+03 0. 1.0286492582410219e+03 0.
    1.9709569674812885e+03 6.0550814334967242e+02 0. 0. 1.</data></M2>
<D2 type_id="opencv-matrix">
  <rows>1</rows>
  <cols>5</cols>
  <dt>d</dt>
  <data>
    -7.3480572042997822e-02 -1.9516023678829086e-01
    7.2057692795983366e-03 4.0233223706614149e-03 0.</data></D2>
<R2 type_id="opencv-matrix">
  <rows>3</rows>
  <cols>3</cols>
  <dt>d</dt>
  <data>
    4.5352374256543815e-01 -8.8798902887698505e-01
    -7.6103216249687133e-02 -4.9552487227375608e-01
    -1.8025973933536454e-01 -8.4968319233277989e-01
    7.4079100688893029e-01 4.2306253789345982e-01
    -5.2177272173200984e-01</data></R2>
<T2 type_id="opencv-matrix">
  <rows>3</rows>
  <cols>1</cols>
  <dt>d</dt>
  <data>
    -1.7231709998890091e-01 -1.4294961930699654e-01
    3.6878352704649311e+00</data></T2>
<r3>"rtsp://admin:zou133zzq@192.168.1.111:554/cam/realmonitor?channel=1&amp;subtype=0&amp;unicast=true&amp;proto=Onvif"</r3>
<M3 type_id="opencv-matrix">
  <rows>3</rows>
  <cols>3</cols>
  <dt>d</dt>
  <data>
    1.9675662958334217e+03 0. 9.9737777042436323e+02 0.
    1.9676399709783436e+03 6.0212569753379080e+02 0. 0. 1.</data></M3>
<D3 type_id="opencv-matrix">
  <rows>1</rows>
  <cols>5</cols>
  <dt>d</dt>
  <data>
    -7.3155273082282632e-02 -2.6066407579958567e-01
    4.6714789493432296e-03 1.2065492624089809e-03 0.</data></D3>
<R3 type_id="opencv-matrix">
  <rows>3</rows>
  <cols>3</cols>
  <dt>d</dt>
  <data>
    -8.2081619535052397e-01 -5.6969527806753051e-01
    4.1328726061294424e-02 -3.4167776046689152e-01
    4.3172910327530156e-01 -8.3478517559156140e-01
    4.5773035889333358e-01 -6.9932629832765736e-01
    -5.4902244673120304e-01</data></R3>
<T3 type_id="opencv-matrix">
  <rows>3</rows>
  <cols>1</cols>
  <dt>d</dt>
  <data>
    -6.2347367155619882e-01 -2.3912484643839069e-01
    3.4571399934342186e+00</data></T3>
</opencv_storage>
