<?xml version="1.0"?>
<opencv_storage>
<delayTime>6.7712432327474981e-01</delayTime>
<IPCNum>4</IPCNum>
<r0>"rtsp://admin:zou133zzq@192.168.1.108:554/cam/realmonitor?channel=1&amp;subtype=0&amp;unicast=true&amp;proto=Onvif"</r0>
<M0 type_id="opencv-matrix">
  <rows>3</rows>
  <cols>3</cols>
  <dt>d</dt>
  <data>
    2.0292068646497314e+03 0. 9.4521969337925975e+02 0.
    2.0272986630388705e+03 4.8855567973538348e+02 0. 0. 1.</data></M0>
<D0 type_id="opencv-matrix">
  <rows>1</rows>
  <cols>5</cols>
  <dt>d</dt>
  <data>
    -2.4346447577096426e-02 -4.9984598550300213e-01
    -6.7086646878954043e-03 -3.0807044850703381e-03 0.</data></D0>
<R0 type_id="opencv-matrix">
  <rows>3</rows>
  <cols>3</cols>
  <dt>d</dt>
  <data>
    6.4924193439384159e-01 7.5241008160674117e-01
    -1.1119343380380126e-01 3.3458602468565179e-01
    -4.1382760426462517e-01 -8.4663977347727604e-01
    -6.8303521337453432e-01 5.1247027527958922e-01
    -5.2042013243654062e-01</data></R0>
<T0 type_id="opencv-matrix">
  <rows>3</rows>
  <cols>1</cols>
  <dt>d</dt>
  <data>
    -1.1525235797836781e+00 -6.6640433045257283e-02
    3.5226922130891665e+00</data></T0>
<r1>"rtsp://admin:zou133zzq@192.168.1.109:554/cam/realmonitor?channel=1&amp;subtype=0&amp;unicast=true&amp;proto=Onvif"</r1>
<M1 type_id="opencv-matrix">
  <rows>3</rows>
  <cols>3</cols>
  <dt>d</dt>
  <data>
    1.9548831793727888e+03 0. 9.6609582625071573e+02 0.
    1.9504387851367694e+03 5.8356677602319655e+02 0. 0. 1.</data></M1>
<D1 type_id="opencv-matrix">
  <rows>1</rows>
  <cols>5</cols>
  <dt>d</dt>
  <data>
    -8.1089561009796529e-02 -2.6311787385962443e-01
    1.7213970464158655e-03 2.1201545261093942e-04 0.</data></D1>
<R1 type_id="opencv-matrix">
  <rows>3</rows>
  <cols>3</cols>
  <dt>d</dt>
  <data>
    -4.9884421453064876e-01 8.6568122010502491e-01
    -4.1838675729228669e-02 5.1823245893703251e-01
    2.5923932191018251e-01 -8.1500312421464116e-01
    -6.9468666903387244e-01 -4.2824175314070478e-01
    -5.7794414326438048e-01</data></R1>
<T1 type_id="opencv-matrix">
  <rows>3</rows>
  <cols>1</cols>
  <dt>d</dt>
  <data>
    -3.1194879316138535e-01 -8.1217506709150000e-01
    4.0015441540635006e+00</data></T1>
<r2>"rtsp://admin:zou133zzq@192.168.1.110:554/cam/realmonitor?channel=1&amp;subtype=0&amp;unicast=true&amp;proto=Onvif"</r2>
<M2 type_id="opencv-matrix">
  <rows>3</rows>
  <cols>3</cols>
  <dt>d</dt>
  <data>
    1.9704806815203549e+03 0. 1.0286492582410219e+03 0.
    1.9709569674812885e+03 6.0550814334967242e+02 0. 0. 1.</data></M2>
<D2 type_id="opencv-matrix">
  <rows>1</rows>
  <cols>5</cols>
  <dt>d</dt>
  <data>
    -7.3480572042997822e-02 -1.9516023678829086e-01
    7.2057692795983366e-03 4.0233223706614149e-03 0.</data></D2>
<R2 type_id="opencv-matrix">
  <rows>3</rows>
  <cols>3</cols>
  <dt>d</dt>
  <data>
    7.2790073496636787e-01 -6.8544365509239347e-01
    -1.8097395641430314e-02 -3.7073798465480262e-01
    -3.7122494096871844e-01 -8.5131979299019422e-01
    5.7681354593102085e-01 6.2638569499658259e-01
    -5.2433490665235194e-01</data></R2>
<T2 type_id="opencv-matrix">
  <rows>3</rows>
  <cols>1</cols>
  <dt>d</dt>
  <data>
    2.6462227105639463e-01 3.0404756621384099e-01 2.5055821111498768e+00</data></T2>
<r3>"rtsp://admin:zou133zzq@192.168.1.111:554/cam/realmonitor?channel=1&amp;subtype=0&amp;unicast=true&amp;proto=Onvif"</r3>
<M3 type_id="opencv-matrix">
  <rows>3</rows>
  <cols>3</cols>
  <dt>d</dt>
  <data>
    1.9675662958334217e+03 0. 9.9737777042436323e+02 0.
    1.9676399709783436e+03 6.0212569753379080e+02 0. 0. 1.</data></M3>
<D3 type_id="opencv-matrix">
  <rows>1</rows>
  <cols>5</cols>
  <dt>d</dt>
  <data>
    -7.3155273082282632e-02 -2.6066407579958567e-01
    4.6714789493432296e-03 1.2065492624089809e-03 0.</data></D3>
<R3 type_id="opencv-matrix">
  <rows>3</rows>
  <cols>3</cols>
  <dt>d</dt>
  <data>
    -4.9231893559390821e-01 -8.6720334303776381e-01
    7.4702258866837901e-02 -5.8882850496362604e-01
    2.6861595906735602e-01 -7.6231650793920602e-01
    6.4101720522773997e-01 -4.1928967118026089e-01
    -6.4287877103196234e-01</data></R3>
<T3 type_id="opencv-matrix">
  <rows>3</rows>
  <cols>1</cols>
  <dt>d</dt>
  <data>
    1.1795125405630944e+00 -2.3580080755767893e-01
    3.2461174009902378e+00</data></T3>
</opencv_storage>
