<?xml version="1.0"?>
<opencv_storage>
<delayTime>5.1379911626177965e-01</delayTime>
<IPCNum>1</IPCNum>
<r0>"rtsp://admin:zou133zzq@192.168.1.108:554/cam/realmonitor?channel=1&amp;subtype=0&amp;unicast=true&amp;proto=Onvif"</r0>
<M0 type_id="opencv-matrix">
  <rows>3</rows>
  <cols>3</cols>
  <dt>d</dt>
  <data>
    2.0292068646497314e+03 0. 9.4521969337925975e+02 0.
    2.0272986630388705e+03 4.8855567973538348e+02 0. 0. 1.</data></M0>
<D0 type_id="opencv-matrix">
  <rows>1</rows>
  <cols>5</cols>
  <dt>d</dt>
  <data>
    -2.4346447577096426e-02 -4.9984598550300213e-01
    -6.7086646878954043e-03 -3.0807044850703381e-03 0.</data></D0>
<R0 type_id="opencv-matrix">
  <rows>3</rows>
  <cols>3</cols>
  <dt>d</dt>
  <data>
    -6.7736077498272018e-01 7.2687708710957843e-01
    1.1327877448976476e-01 4.4940277142649276e-01 5.3077026445651709e-01
    -7.1855415620741192e-01 -5.8242555708776733e-01
    -4.3581260491620999e-01 -6.8618353510351093e-01</data></R0>
<T0 type_id="opencv-matrix">
  <rows>3</rows>
  <cols>1</cols>
  <dt>d</dt>
  <data>
    1.1086812021067701e-02 -7.2231404797768284e-01
    4.7555901822312192e+00</data></T0>
</opencv_storage>
