<?xml version="1.0"?>
<opencv_storage>
<trackdata>
  1.77215564e+00 1.27804622e-01 5.78936888e-04 3.68799996e+00
  1.77393699e+00 1.27948448e-01 -6.71223039e-04 3.78200006e+00
  1.77262998e+00 1.27584249e-01 8.99615698e-05 3.85999990e+00
  1.77262998e+00 1.27584249e-01 8.99615698e-05 3.93799996e+00
  1.77279758e+00 1.26509503e-01 -5.66254777e-04 4.01599979e+00
  1.77346265e+00 1.28168896e-01 -1.82536474e-04 4.09399986e+00
  1.77132285e+00 1.27219930e-01 8.51406250e-04 4.18800020e+00
  1.77215564e+00 1.27804622e-01 5.78936888e-04 4.28200006e+00
  1.77215564e+00 1.27804622e-01 5.78936888e-04 4.36000013e+00
  1.77215564e+00 1.27804622e-01 5.78936888e-04 4.46899986e+00
  1.77215564e+00 1.27804622e-01 5.78936888e-04 4.54699993e+00
  1.77215564e+00 1.27804622e-01 5.78936888e-04 4.64099979e+00
  1.77215564e+00 1.27804622e-01 5.78936888e-04 4.73500013e+00
  1.77215564e+00 1.27804622e-01 5.78936888e-04 4.82800007e+00
  1.77215564e+00 1.27804622e-01 5.78936888e-04 4.90700006e+00
  1.77215564e+00 1.27804622e-01 5.78936888e-04 5. 1.77232325e+00
  1.26729682e-01 -7.67486781e-05 5.07800007e+00 1.77279758e+00
  1.26509503e-01 -5.66254777e-04 5.15700006e+00 1.77279758e+00
  1.26509503e-01 -5.66254777e-04 5.25000000e+00 1.77279758e+00
  1.26509503e-01 -5.66254777e-04 5.39099979e+00 1.77279758e+00
  1.26509503e-01 -5.66254777e-04 5.50000000e+00 1.77279758e+00
  1.26509503e-01 -5.66254777e-04 5.59399986e+00 1.77232325e+00
  1.26729682e-01 -7.67486781e-05 5.70300007e+00 1.77310455e+00
  1.27363786e-01 -3.98619886e-04 5.81300020e+00 1.77279758e+00
  1.26509503e-01 -5.66254777e-04 5.92199993e+00 1.77262998e+00
  1.27584249e-01 8.99615698e-05 6.01599979e+00 1.77262998e+00
  1.27584249e-01 8.99615698e-05 6.12500000e+00 1.77279758e+00
  1.26509503e-01 -5.66254777e-04 6.23500013e+00 1.77279758e+00
  1.26509503e-01 -5.66254777e-04 6.34399986e+00 1.77279758e+00
  1.26509503e-01 -5.66254777e-04 6.45300007e+00 1.77262998e+00
  1.27584249e-01 8.99615698e-05 6.56300020e+00 1.77215564e+00
  1.27804622e-01 5.78936888e-04 6.67199993e+00 1.77215564e+00
  1.27804622e-01 5.78936888e-04 6.76599979e+00 1.77096486e+00
  1.26414806e-01 6.35186560e-04 6.87500000e+00 1.77096486e+00
  1.26414806e-01 6.35186560e-04 7.01599979e+00 1.77262998e+00
  1.27584249e-01 8.99615698e-05 7.18800020e+00 1.77279758e+00
  1.26509503e-01 -5.66254777e-04 7.34399986e+00 1.77279758e+00
  1.26509503e-01 -5.66254777e-04 7.50000000e+00 1.77279758e+00
  1.26509503e-01 -5.66254777e-04 7.65700006e+00 1.77279758e+00
  1.26509503e-01 -5.66254777e-04 7.82800007e+00 1.77279758e+00
  1.26509503e-01 -5.66254777e-04 7.98500013e+00 1.77360153e+00
  1.25518620e-01 -2.70443434e-05 8.14099979e+00 1.77279758e+00
  1.26509503e-01 -5.66254777e-04 8.29699993e+00 1.77232325e+00
  1.26729682e-01 -7.67486781e-05 8.45300007e+00 1.77262998e+00
  1.27584249e-01 8.99615698e-05 8.59399986e+00 1.77262998e+00
  1.27584249e-01 8.99615698e-05 8.76599979e+00 1.77215564e+00
  1.27804622e-01 5.78936888e-04 8.92199993e+00 1.77360153e+00
  1.25518620e-01 -2.70443434e-05 9.07800007e+00 1.77360153e+00
  1.25518620e-01 -2.70443434e-05 9.23499966e+00 1.77360153e+00
  1.25518620e-01 -2.70443434e-05 9.39099979e+00 1.77360153e+00
  1.25518620e-01 -2.70443434e-05 9.54699993e+00 1.77360153e+00
  1.25518620e-01 -2.70443434e-05 9.70300007e+00 1.77229476e+00
  1.25155106e-01 7.34334579e-04 9.85999966e+00 1.77360153e+00
  1.25518620e-01 -2.70443434e-05 1.00319996e+01 1.77279758e+00
  1.26509503e-01 -5.66254777e-04 1.02030001e+01 1.77279758e+00
  1.26509503e-01 -5.66254777e-04 1.03599997e+01 1.77279758e+00
  1.26509503e-01 -5.66254777e-04 1.05159998e+01 1.77279758e+00
  1.26509503e-01 -5.66254777e-04 1.06879997e+01 1.77232325e+00
  1.26729682e-01 -7.67486781e-05 1.08599997e+01 1.77279758e+00
  1.26509503e-01 -5.66254777e-04 1.10319996e+01 1.77262998e+00
  1.27584249e-01 8.99615698e-05 1.12030001e+01 1.77346265e+00
  1.28168896e-01 -1.82536474e-04 1.13599997e+01 1.77426720e+00
  1.27177343e-01 3.56766890e-04 1.15000000e+01 1.77426720e+00
  1.27177343e-01 3.56766890e-04 1.16569996e+01 1.77426720e+00
  1.27177343e-01 3.56766890e-04 1.18129997e+01 1.77296054e+00
  1.26813576e-01 1.11772330e-03 1.19530001e+01 1.77262998e+00
  1.27584249e-01 8.99615698e-05 1.21099997e+01 1.77262998e+00
  1.27584249e-01 8.99615698e-05 1.22659998e+01 1.77262998e+00
  1.27584249e-01 8.99615698e-05 1.24069996e+01 1.77346265e+00
  1.28168896e-01 -1.82536474e-04 1.25629997e+01 1.77346265e+00
  1.28168896e-01 -1.82536474e-04 1.27349997e+01 1.77215564e+00
  1.27804622e-01 5.78936888e-04 1.29069996e+01 1.77360153e+00
  1.25518620e-01 -2.70443434e-05 1.30780001e+01 1.77360153e+00
  1.25518620e-01 -2.70443434e-05 1.32500000e+01 1.77360153e+00
  1.25518620e-01 -2.70443434e-05 1.34069996e+01 1.77360153e+00
  1.25518620e-01 -2.70443434e-05 1.35939999e+01 1.77360153e+00
  1.25518620e-01 -2.70443434e-05 1.37659998e+01 1.77396011e+00
  1.26322195e-01 1.90415827e-04 1.39689999e+01 1.77360153e+00
  1.25518620e-01 -2.70443434e-05 1.41409998e+01 1.77360153e+00
  1.25518620e-01 -2.70443434e-05 1.43129997e+01 1.77423882e+00
  1.25602618e-01 1.16774160e-03 1.44689999e+01 1.77423882e+00
  1.25602618e-01 1.16774160e-03 1.46250000e+01 1.77376485e+00
  1.25822738e-01 1.65646756e-03 1.48129997e+01 1.77262998e+00
  1.27584249e-01 8.99615698e-05 15. 1.77262998e+00 1.27584249e-01
  8.99615698e-05 1.51879997e+01 1.77262998e+00 1.27584249e-01
  8.99615698e-05 1.53599997e+01 1.77262998e+00 1.27584249e-01
  8.99615698e-05 1.55629997e+01 1.77279758e+00 1.26509503e-01
  -5.66254777e-04 1.57349997e+01 1.77232325e+00 1.26729682e-01
  -7.67486781e-05 1.59379997e+01 1.77360153e+00 1.25518620e-01
  -2.70443434e-05 1.60939999e+01 1.77360153e+00 1.25518620e-01
  -2.70443434e-05 1.63129997e+01 1.77312732e+00 1.25738680e-01
  4.62336757e-04 1.64689999e+01 1.77312732e+00 1.25738680e-01
  4.62336757e-04 1.66250000e+01 1.77312732e+00 1.25738680e-01
  4.62336757e-04 1.67970009e+01 1.77276909e+00 1.24935038e-01
  2.45058502e-04 1.69529991e+01 1.77149034e+00 1.26145467e-01
  1.95641376e-04 1.71250000e+01 1.77149034e+00 1.26145467e-01
  1.95641376e-04 1.72819996e+01 1.77195966e+00 1.27303690e-01
  2.04602117e-03 1.75470009e+01 1.77232325e+00 1.26729682e-01
  -7.67486781e-05 1.77189999e+01 1.77327204e+00 1.26289204e-01
  -1.05536752e-03 1.79069996e+01 1.77232325e+00 1.26729682e-01
  -7.67486781e-05 1.80939999e+01 1.77232325e+00 1.26729682e-01
  -7.67486781e-05 1.82660007e+01 1.77315617e+00 1.27313837e-01
  -3.49062029e-04 1.84689999e+01 1.77343476e+00 1.26593351e-01
  6.28872658e-04 1.86250000e+01 1.77343476e+00 1.26593351e-01
  6.28872658e-04 1.87970009e+01 1.77196491e+00 1.25925273e-01
  -2.93759629e-04 1.89689999e+01 1.77312732e+00 1.25738680e-01
  4.62336757e-04 1.91410007e+01 1.77360153e+00 1.25518620e-01
  -2.70443434e-05 1.92970009e+01 1.77360153e+00 1.25518620e-01
  -2.70443434e-05 1.94689999e+01 1.77360153e+00 1.25518620e-01
  -2.70443434e-05 1.96250000e+01 1.77360153e+00 1.25518620e-01
  -2.70443434e-05 1.98439999e+01 1.77443397e+00 1.26102164e-01
  -2.99070380e-04 20. 1.77363026e+00 1.27093673e-01 -8.38673324e-04
  2.01720009e+01 1.77363026e+00 1.27093673e-01 -8.38673324e-04
  2.03279991e+01 1.77363026e+00 1.27093673e-01 -8.38673324e-04
  2.04850006e+01 1.77363026e+00 1.27093673e-01 -8.38673324e-04
  2.07029991e+01 1.77232325e+00 1.26729682e-01 -7.67486781e-05
  2.08750000e+01 1.77443397e+00 1.26102164e-01 -2.99070380e-04
  2.10319996e+01 1.77443397e+00 1.26102164e-01 -2.99070380e-04
  2.12029991e+01 1.77443397e+00 1.26102164e-01 -2.99070380e-04
  2.13600006e+01 1.77443397e+00 1.26102164e-01 -2.99070380e-04
  2.15939999e+01 1.77443397e+00 1.26102164e-01 -2.99070380e-04
  2.17970009e+01 1.77360153e+00 1.25518620e-01 -2.70443434e-05
  2.19689999e+01 1.77262998e+00 1.27584249e-01 8.99615698e-05
  2.21410007e+01 1.77262998e+00 1.27584249e-01 8.99615698e-05
  2.22970009e+01 1.77262998e+00 1.27584249e-01 8.99615698e-05
  2.24689999e+01 1.77262998e+00 1.27584249e-01 8.99615698e-05
